Bar1
((476))101((839))
((476))102((839))
((476))103((839))
((476))104((839))
((476))105((839))
((476))106((839))
((476))107((839))
((476))108((839))
((476))109((839))
((476))110((839))

Bar1
47635839
47636839
47637839
47638839
47639839

Bar1
47640839
47641839
47642839
47643839
47644839
47645839
47646839
47647839
47648839
47649839

Bar1
47650839
47651839
47652839
47653839
47654839
47655839
47656839
47657839
47658839
47659839



Bar2
((476))111((839))
((476))112((839))
((476))113((839))
((476))114((839))
((476))115((839))

Bar2
476((35))839
476((36))839
476((37))839
476((38))839
476((39))839

Bar2
476((40))839
476((41))839
476((42))839
476((43))839
476((44))839
476((45))839
476((46))839
476((47))839
476((48))839
476((49))839

Bar2
476((50))839
476((51))839
476((52))839
476((53))839
476((54))839
476((55))839
476((56))839
476((57))839
476((58))839
476((59))839
