10
   2 2048 2048    0 2048    0 2048    0    0    0 
   0 2048 2048    0 2048    0 2048    0 2048    0 
   0 2048 2048    0 2048    0 2048    0 2048    0 
   0    0    0    0 2048    0 2048    0 2048    0 
2048 2048 2048 2048 2048    0    0    0 2048    0 
   0    0    0    0 2048    0    0    0 2048    2 
   0 2048 2048 2048 2048    0    0    0 2048 2048 
   0 2048 2048 2048    0    0    0    0 2048 2048 
   0    0    0    0    0 2048    0 2048 2048 2048 
2048 2048 2048 2048 2048 2048    0 2048 2048 2048