 856
 549
 565
 880
 186
 111
 314
 386
 879
 518
  19
 240
 409
 143
 709
   6
 169
 660
 551
 592
 159
 474
 640
 690
 859
 144
 269
 939
 887
 404
 974
 590
 187
 356
 346
 559
 997
 738
 546
 799
 121
 285
 747
  84
 969
 360
 588
 396
 876
 494
 858
  85
 582
  57
 692
 204
 282
 973
 833
 715
 678
 381
 995
   3
 843
 535
 395
 941
 802
 102
 142
 989
 861
 922
 701
 136
 208
 790
 357
 455
 636
 698
 754
 388
 963
 867
 426
 213
 809
 720
 788
 259
 514
 578
 751
 895
 978
 744
 293
 157
 695
 665
 443
 951
 803
  35
 200
  93
  98
 530
 199
 418
 945
  94
 781
 606
 442
 433
 394
 193
 725
  38
 194
 863
 634
 623
 202
 605
 713
 805
 822
 311
 847
 175
  33
 291
 966
 188
  43
 462
 583
 836
  40
 718
 704
 723
 320
 348
 772
 355
 659
 294
 804
 566
  67
 509
 198
 835
 453
 807
 998
 331
 109
  18
 617
 239
 389
 719
 823
 103
 927
 616
 250
 710
 401
 557
 289
 526
 383
 748
 924
 353
 756
  76
 825
 477
 496
 300
 398
 689
 451
 172
 234
 663
 898
 362
 461
 106
 817
 290
 685
 573
 928
 131
 955
 101
 595
 580
  22
 180
 123
 257
 742
 840
 777
 376
 949
 503
 468
 681
 359
  66
  13
  79
  63
 910
 441
 952
   7
  86
 504
 897
 414
 523
 543
 207
 266
 448
 377
 648
 585
 140
 854
 771
 837
 891
 330
 909
 562
  21
 422
  82
 703
 434
 351
 152
 287
 904
 855
 486
 432
 248
 476
  95
 369
 342
 558
 336
 374
 521
 135
  42
  10
 265
 671
 706
 999
 117
 263
 996
 547
 182
  11
 272
 482
 739
 306
  80
 987
  37
 303
 753
 214
 883
 988
 502
   4
 784
 811
 621
 943
 449
 489
 827
 228
 118
 762
 915
 185
 532
 298
 197
 520
 865
 431
 479
  64
 914
  39
 925
 138
 839
 730
 184
 237
 517
 210
 971
 464
 392
 329
 917
 230
 212
 602
 416
 127
 358
 255
 967
 609
 644
 884
 162
 986
 437
 368
 993
 789
 877
 957
 529
  49
 283
 552
 760
 438
 821
 385
 179
 343
 415
 166
 308
 382
 391
 268
 130
 899
 349
 950
 445
 345
 158
 302
 540
 183
 842
 511
 471
 421
  45
 674
 484
 726
 975
 814
 860
 147
 938
 596
 480
 221
  89
  25
 834
 218
 607
 841
 561
 134
 586
 885
 317
 816
 324
 568
 851
 100
 465
 178
 339
 235
 153
 920
 576
 657
 216
  62
 408
 231
  96
 629
 254
 361
 318
 556
 699
  12
 507
   8
 639
 778
 466
 370
 686
 341
  44
 801
 512
 932
 604
 460
 334
 277
 654
  87
 315
 937
 387
 174
 450
 873
 457
 107
 473
 850
 297
 780
  32
 896
 912
 848
 281
 615
 980
 954
 574
 948
 119
 215
 903
 233
 478
 741
 116
 716
 452
 280
 554
 501
 979
 633
 321
 650
 137
 411
  70
 668
 935
 786
 787
 923
 934
 170
 793
 959
 305
 492
 232
 310
 125
 534
  91
 819
 669
 252
 677
 145
 567
  99
  36
 962
 203
 380
 375
 247
  81
 128
 425
 485
 177
 642
 597
 372
 238
 890
 728
 882
 982
 731
 563
 655
 410
 327
 495
 483
 832
 570
 115
 815
 498
  97
 378
 737
 475
 893
 164
 745
 350
 593
 992
 601
 510
  54
 641
 707
 405
 838
   9
 613
 402
 564
 542
 831
 472
 736
 907
 206
 371
 696
 256
 446
 267
 688
 571
 976
 936
 151
 679
 417
 217
 664
 126
 940
 506
 757
 579
 800
 420
 581
 463
 675
 774
 683
 399
 519
 195
 901
 724
  68
  27
 630
 708
 156
 990
 670
 647
  26
 508
 750
 292
 845
 124
 325
 168
 651
 548
 427
 515
 436
 776
 525
 299
 921
 765
 538
 666
  73
 620
  52
 326
 632
 733
 544
 888
 693
 953
  71
 189
 384
 112
 149
 270
 830
 295
 994
 783
 393
 407
 608
 857
 550
 649
 516
 307
 493
 373
 727
 167
 624
 968
 406
 852
 251
 176
 908
 110
 881
 569
 766
 929
 970
 661
 488
 687
 752
 505
 906
 335
 721
 637
 717
  47
 812
 870
 864
 227
 447
 196
 367
 871
 764
 241
 245
 454
 264
 673
  20
 826
 278
 105
 913
 984
 985
 456
 260
 246
 531
 700
 612
 262
 133
 148
 352
 758
 340
 154
 770
 667
 435
 338
 354
  17
 275
 818
  53
  51
 712
 653
 487
 853
 201
 626
 122
 610
 773
 619
 572
 522
 798
 813
 947
 205
 497
 729
 889
 820
  90
 364
 181
 337
 931
 524
  59
 768
 584
 224
 769
 328
 316
 243
 599
  83
 104
 875
 209
 312
 658
 749
 844
 165
 942
 155
 439
 981
 746
 779
 500
 225
 363
 625
 499
  78
 288
  15
 900
 347
  50
 755
  46
 344
 631
 397
 646
 444
 481
 603
 273
  74
  65
  34
 740
 541
 113
 878
 926
 286
 702
 249
 600
  41
 916
 791
 862
 806
 930
 618
 591
 161
 829
 810
 711
 682
 676
 614
  92
 684
 261
   2
 332
  28
 322
 403
 759
 220
 226
 171
 490
 946
  24
 244
 190
 223
  56
 960
  14
 146
 192
 635
 577
  31
  48
 905
 868
 129
 732
 611
 598
 846
 828
 424
 430
 622
 627
 467
 413
 767
 645
 672
 869
 911
   5
 553
  58
 782
 163
 643
 365
 284
 271
 589
 423
 714
  69
 560
  72
 108
 961
 229
 120
 333
 761
 458
 219
 680
 785
 849
 794
 279
 390
 304
 469
 236
 652
 575
 528
 902
 141
 296
 662
 918
  60
 412
 400
   1
 808
 796
 795
 539
 866
 792
 309
  77
 440
 545
 319
 824
 419
 797
 892
 258
 691
 459
 513
 697
 555
 537
 533
 735
 587
  75
 470
 276
 894
 972
 222
 705
  29
 491
 886
 191
  61
 253
 242
 594
 429
 743
 628
 379
 722
 160
 527
 872
 991
 536
 763
 173
 274
  30
 958
 428
 656
 775
 132
 956
 874
 919
 150
  23
 964
  16
 366
1000
 965
 933
 638
 694
 944
 313
 139
 114
 734
 211
 323
 301
 983
  88
  55
 977